corrida  1: salida 0,  263.9 s, rutas {'1': [0, 1, 2, 7, 6, 5, 10, 11, 16, 17, 22, 23, 24], '2': [0, 1, 2, 3, 4, 9, 14, 19, 18, 17, 22, 23, 24], '3': [0, 1, 2, 3, 4, 9, 14, 19, 18, 17, 22, 23, 24]}
corrida  2: salida 0,  263.8 s, rutas {'1': [0, 1, 2, 7, 6, 5, 10, 11, 16, 17, 22, 23, 24], '2': [0, 1, 2, 3, 4, 9, 14, 19, 18, 17, 22, 23, 24], '3': [0, 1, 2, 3, 4, 9, 14, 19, 18, 17, 22, 23, 24]}
corrida  3: salida 0,  266.2 s, rutas {'1': [0, 1, 2, 7, 6, 5, 10, 11, 16, 17, 22, 23, 24], '2': [0, 1, 2, 3, 4, 9, 14, 19, 18, 17, 22, 23, 24], '3': [0, 1, 2, 3, 4, 9, 14, 19, 18, 17, 22, 23, 24]}
corrida  4: salida 0,  262.4 s, rutas {'1': [0, 1, 2, 7, 6, 5, 10, 11, 16, 17, 22, 23, 24], '2': [0, 1, 2, 3, 4, 9, 14, 19, 18, 17, 22, 23, 24], '3': [0, 1, 2, 3, 4, 9, 14, 19, 18, 17, 22, 23, 24]}
corrida  5: salida 0,  239.5 s, rutas {'1': [0, 1, 2, 7, 6, 5, 10, 11, 16, 17, 22, 23, 24], '2': [0, 1, 2, 3, 4, 9, 14, 19, 18, 17, 22, 23, 24], '3': [0, 1, 2, 3, 4, 9, 14, 19, 18, 17, 22, 23, 24]}
corrida  6: salida 0,  240.1 s, rutas {'1': [0, 1, 2, 7, 6, 5, 10, 11, 16, 17, 22, 23, 24], '2': [0, 1, 2, 3, 4, 9, 14, 19, 18, 17, 22, 23, 24], '3': [0, 1, 2, 3, 4, 9, 14, 19, 18, 17, 22, 23, 24]}
corrida  7: salida 0,  240.7 s, rutas {'1': [0, 1, 2, 7, 6, 5, 10, 11, 16, 17, 22, 23, 24], '2': [0, 1, 2, 3, 4, 9, 14, 19, 18, 17, 22, 23, 24], '3': [0, 1, 2, 3, 4, 9, 14, 19, 18, 17, 22, 23, 24]}
corrida  8: salida 0,  241.2 s, rutas {'1': [0, 1, 2, 7, 6, 5, 10, 11, 16, 17, 22, 23, 24], '2': [0, 1, 2, 3, 4, 9, 14, 19, 18, 17, 22, 23, 24], '3': [0, 1, 2, 3, 4, 9, 14, 19, 18, 17, 22, 23, 24]}
corrida  9: salida 0,  220.4 s, rutas {'1': [0, 1, 2, 7, 6, 5, 10, 11, 16, 17, 22, 23, 24], '2': [0, 1, 2, 3, 4, 9, 14, 19, 18, 17, 22, 23, 24], '3': [0, 1, 2, 3, 4, 9, 14, 19, 18, 17, 22, 23, 24]}
corrida 10: salida 0,  219.9 s, rutas {'1': [0, 1, 2, 7, 6, 5, 10, 11, 16, 17, 22, 23, 24], '2': [0, 1, 2, 3, 4, 9, 14, 19, 18, 17, 22, 23, 24], '3': [0, 1, 2, 3, 4, 9, 14, 19, 18, 17, 22, 23, 24]}

LAS 10 CORRIDAS DAN EXACTAMENTE LO MISMO
